0.000000	0.251468	0.249567	0.255431	0.261340	0.257361	0.257282	0.248875	0.246986	0.268456	0.257840	0.252686	0.242120	0.250089	0.271020	0.236815	0.257412	0.247408	0.252858	0.256039	0.244813	0.261142	0.261798	0.257422	0.257241	0.248447	0.266368	0.250086	0.251036	0.256649	0.255709	0.246969	0.263268	0.258400	0.256906	0.265426	0.254997	0.247160	0.253642	0.259298	0.253037	0.251860	0.247423	0.258287	0.245342	0.260420	0.260373	0.260331	0.259731	0.251553	0.259695	0.247552	0.255862	0.254062	0.247327	0.257054	0.254407	0.242655	0.254571	0.250431	0.255540	0.256135	0.255275	0.239160	0.252842	0.260510	0.256287	0.243625	0.250604	0.255533	0.262465	0.253968	0.264935	0.259928	0.251470	0.252508	0.261140	0.259938	0.254149	0.259374	0.252759	0.248877	0.255967	0.251990	0.253025	0.254915	0.242823	0.256119	0.234623	0.253701	0.253200	0.250952	0.252336	0.258276	0.252249	0.248188	0.250691	0.248880	0.255613	0.249396	0.250520	0.256093	0.261215	0.255268	0.255429	0.236633	0.254773	0.257841	0.256808	0.253886	0.243523	0.241736	0.254231	0.250693	0.249224	0.242729	0.241629	0.261427	0.256808	0.248445	0.259042	0.239033	0.246362	0.248791	0.250690	0.263085	0.244567	0.265517	0.246876	0.256836	0.264229	0.257931	0.251985	0.257842	0.247241	0.259375	
0.251468	0.000000	0.258076	0.251316	0.270884	0.264747	0.265370	0.259529	0.254313	0.277072	0.263874	0.261368	0.240847	0.250715	0.273094	0.258377	0.263103	0.251557	0.247484	0.277095	0.255629	0.263415	0.269748	0.268625	0.273135	0.261921	0.277183	0.264960	0.281315	0.262885	0.259965	0.268310	0.264685	0.259452	0.251124	0.278315	0.280290	0.252156	0.265520	0.273888	0.268937	0.255589	0.247504	0.266344	0.271093	0.272602	0.260824	0.270093	0.268966	0.272224	0.267083	0.258983	0.266759	0.276220	0.257686	0.260255	0.259695	0.263067	0.262086	0.270718	0.263450	0.264635	0.272349	0.259655	0.254401	0.265447	0.270186	0.266575	0.273073	0.264981	0.264380	0.259669	0.272491	0.276673	0.248269	0.268191	0.251209	0.263595	0.265582	0.265334	0.259848	0.260644	0.255194	0.272444	0.269457	0.267518	0.258310	0.273731	0.264706	0.266207	0.259439	0.263523	0.259105	0.279600	0.258669	0.260809	0.255275	0.266137	0.271468	0.250691	0.268242	0.272289	0.271784	0.266782	0.250949	0.263740	0.263469	0.273358	0.272257	0.256321	0.269896	0.252501	0.262630	0.259965	0.256393	0.273389	0.264686	0.287548	0.272351	0.271028	0.263031	0.263231	0.264308	0.262976	0.273135	0.264229	0.262267	0.262686	0.261381	0.276758	0.278756	0.269244	0.263303	0.268394	0.254489	0.260703	
0.249567	0.258076	0.000000	0.253521	0.267157	0.272506	0.257660	0.250783	0.253638	0.257143	0.258325	0.264020	0.241901	0.265423	0.264930	0.251213	0.266924	0.254514	0.250348	0.256075	0.248350	0.260763	0.265928	0.260091	0.257964	0.268217	0.268191	0.247222	0.276832	0.257202	0.259645	0.253482	0.261495	0.247563	0.266736	0.268631	0.273294	0.257607	0.264165	0.248183	0.248170	0.258125	0.258377	0.254596	0.265674	0.264798	0.253737	0.266620	0.261682	0.255120	0.260612	0.250000	0.260402	0.266852	0.259529	0.266068	0.260507	0.263194	0.258489	0.247055	0.262957	0.263012	0.264859	0.255017	0.255194	0.260478	0.260478	0.259439	0.254596	0.267107	0.276966	0.268123	0.268829	0.265239	0.253908	0.259118	0.260854	0.255378	0.259105	0.262958	0.258232	0.257371	0.259388	0.258950	0.261202	0.260055	0.254868	0.253809	0.258333	0.266690	0.255386	0.258693	0.258087	0.261698	0.262682	0.264216	0.260236	0.259952	0.265115	0.248180	0.262369	0.264157	0.272727	0.259195	0.243421	0.254508	0.261415	0.261172	0.263687	0.263889	0.250520	0.250952	0.268910	0.251218	0.258143	0.252958	0.253208	0.263213	0.262028	0.257539	0.256836	0.247222	0.262443	0.263797	0.254331	0.260554	0.262119	0.262829	0.253618	0.271304	0.272255	0.261352	0.257113	0.270963	0.261864	0.265271	
0.255431	0.251316	0.253521	0.000000	0.256111	0.254923	0.259507	0.248945	0.254552	0.264079	0.265227	0.269271	0.251908	0.269133	0.272603	0.256042	0.276558	0.245091	0.256248	0.260656	0.252195	0.262898	0.264171	0.261255	0.271804	0.274194	0.277467	0.261404	0.271323	0.265707	0.266784	0.259416	0.259574	0.265213	0.257363	0.280911	0.275814	0.258482	0.261959	0.257433	0.259612	0.257821	0.253142	0.261571	0.265521	0.268369	0.257203	0.269769	0.269419	0.257103	0.261787	0.255078	0.263490	0.274930	0.268045	0.276127	0.258778	0.248596	0.242732	0.264891	0.261084	0.270460	0.255357	0.255245	0.276514	0.263213	0.273014	0.250350	0.260168	0.268447	0.274358	0.270242	0.262702	0.274495	0.241573	0.261679	0.262807	0.264138	0.260976	0.271838	0.266643	0.260793	0.254303	0.259845	0.257544	0.270498	0.261511	0.258494	0.262899	0.255594	0.255708	0.265120	0.265471	0.265849	0.264675	0.253506	0.250088	0.267413	0.266245	0.257533	0.254757	0.260035	0.272855	0.257895	0.254552	0.245356	0.262434	0.271651	0.275910	0.258427	0.268164	0.269325	0.258596	0.252813	0.264191	0.260992	0.264727	0.262751	0.257873	0.261312	0.261813	0.249561	0.260472	0.261053	0.262513	0.267576	0.264541	0.272059	0.255483	0.274517	0.268301	0.272504	0.278752	0.279958	0.264448	0.268878	
0.261340	0.270884	0.267157	0.256111	0.000000	0.139965	0.276200	0.262513	0.261764	0.269925	0.270194	0.254469	0.256791	0.270338	0.274661	0.261506	0.268688	0.258211	0.261388	0.263059	0.262679	0.271479	0.266899	0.273755	0.264993	0.288059	0.278591	0.261356	0.277525	0.260398	0.256123	0.271198	0.256265	0.274001	0.272092	0.274503	0.287905	0.253570	0.257650	0.263231	0.264303	0.259398	0.259736	0.270601	0.269902	0.264808	0.253763	0.276403	0.266551	0.270251	0.266643	0.254118	0.273298	0.270629	0.261340	0.268709	0.265035	0.251311	0.257502	0.260642	0.261037	0.272981	0.272664	0.263231	0.283025	0.259672	0.270129	0.262204	0.267109	0.267926	0.271359	0.275393	0.265766	0.266715	0.256643	0.265128	0.265549	0.274825	0.270979	0.278010	0.264829	0.264850	0.262071	0.257613	0.268787	0.275994	0.265570	0.265434	0.270091	0.269499	0.268975	0.256653	0.259804	0.273457	0.267763	0.269647	0.260566	0.263506	0.264078	0.262295	0.267018	0.279458	0.279679	0.277079	0.262552	0.266481	0.269568	0.273968	0.272474	0.266690	0.280824	0.268199	0.263709	0.258144	0.266225	0.267601	0.264572	0.278809	0.272220	0.273839	0.273171	0.260398	0.257974	0.265805	0.265342	0.268548	0.275549	0.266829	0.266845	0.281513	0.266829	0.279735	0.273997	0.271364	0.272759	0.263528	
0.257361	0.264747	0.272506	0.254923	0.139965	0.000000	0.272537	0.269632	0.265144	0.267616	0.268463	0.252610	0.258273	0.270871	0.277553	0.267220	0.272855	0.261533	0.259130	0.266990	0.262153	0.276826	0.273608	0.276745	0.271122	0.280069	0.283489	0.271845	0.278279	0.268910	0.264675	0.269913	0.267181	0.275478	0.269324	0.286011	0.288235	0.257953	0.253563	0.274361	0.269847	0.260075	0.265102	0.265165	0.258232	0.263049	0.267894	0.282699	0.271878	0.262829	0.267733	0.263109	0.267752	0.279417	0.261864	0.273324	0.264491	0.259799	0.258053	0.260042	0.257043	0.273863	0.275191	0.262012	0.279239	0.267382	0.274991	0.263067	0.274523	0.267361	0.267987	0.270869	0.270119	0.281103	0.258244	0.260417	0.261533	0.278723	0.272128	0.283592	0.262556	0.274714	0.272475	0.269632	0.277585	0.273987	0.267454	0.269737	0.271245	0.272979	0.273958	0.248175	0.266597	0.266620	0.266157	0.272885	0.258322	0.274394	0.266667	0.262812	0.265413	0.277433	0.271750	0.265002	0.261682	0.272696	0.268641	0.273692	0.285121	0.270205	0.276101	0.264869	0.269671	0.259993	0.270177	0.264512	0.268445	0.282337	0.268858	0.270458	0.283985	0.256766	0.262352	0.267684	0.272413	0.273324	0.277355	0.275372	0.263398	0.275982	0.269737	0.275623	0.278240	0.269737	0.271814	0.272061	
0.257282	0.265370	0.257660	0.259507	0.276200	0.272537	0.000000	0.250087	0.262210	0.260181	0.263748	0.261233	0.257832	0.266954	0.270721	0.258232	0.264118	0.249653	0.265669	0.264948	0.264859	0.267670	0.268951	0.261495	0.270963	0.259889	0.270869	0.256250	0.266505	0.259375	0.262261	0.264276	0.266480	0.254438	0.250260	0.279029	0.276411	0.257093	0.263415	0.264360	0.257671	0.252431	0.265377	0.260236	0.266042	0.271626	0.266783	0.274680	0.261336	0.268563	0.264348	0.265823	0.270458	0.271434	0.257975	0.266598	0.254255	0.252259	0.259182	0.259092	0.267851	0.270927	0.268870	0.257785	0.255629	0.269484	0.261336	0.252511	0.257718	0.258345	0.264880	0.259105	0.264003	0.272529	0.264859	0.262079	0.256944	0.263542	0.267014	0.270747	0.255201	0.263633	0.255216	0.261731	0.268937	0.257886	0.258345	0.261171	0.260854	0.267128	0.271275	0.264951	0.258783	0.268884	0.257212	0.265441	0.260930	0.264288	0.267454	0.258143	0.258627	0.274957	0.266135	0.261533	0.254590	0.262136	0.263250	0.277188	0.267059	0.256686	0.261806	0.260464	0.260326	0.258177	0.265511	0.252349	0.267430	0.278455	0.259529	0.264675	0.259092	0.255120	0.262718	0.262500	0.256757	0.267128	0.263432	0.260312	0.248192	0.275130	0.270617	0.268538	0.270458	0.266644	0.259619	0.261340	
0.248875	0.259529	0.250783	0.248945	0.262513	0.269632	0.250087	0.000000	0.255967	0.265367	0.246068	0.249739	0.253683	0.264327	0.271788	0.249395	0.270658	0.246186	0.249826	0.253080	0.247659	0.253231	0.254665	0.250526	0.246367	0.261080	0.263231	0.240818	0.256846	0.262301	0.257460	0.247218	0.252539	0.254514	0.253638	0.264360	0.261757	0.251555	0.255805	0.253628	0.256267	0.243848	0.241808	0.247576	0.250952	0.252333	0.248092	0.255701	0.249914	0.255629	0.250956	0.253633	0.257271	0.259105	0.257093	0.260704	0.255290	0.246618	0.245329	0.254325	0.255733	0.244190	0.264747	0.261485	0.250259	0.259938	0.263740	0.244898	0.249307	0.254773	0.248958	0.266874	0.258749	0.259514	0.248092	0.257202	0.255548	0.243759	0.247920	0.246807	0.245590	0.243759	0.247920	0.257897	0.264563	0.245329	0.252690	0.252075	0.251906	0.246287	0.261880	0.254861	0.245486	0.263923	0.249566	0.254936	0.249047	0.250692	0.263706	0.246798	0.252174	0.257586	0.255975	0.255975	0.250346	0.252078	0.251829	0.262061	0.262885	0.247312	0.250000	0.242916	0.250173	0.249479	0.243599	0.249045	0.256224	0.263377	0.256916	0.262738	0.246542	0.254243	0.246261	0.247055	0.248531	0.259502	0.247751	0.260298	0.256459	0.253908	0.276817	0.262539	0.264981	0.263413	0.251903	0.263323	
0.246986	0.254313	0.253638	0.254552	0.261764	0.265144	0.262210	0.255967	0.000000	0.274758	0.251916	0.248961	0.251253	0.266049	0.274396	0.262143	0.273519	0.252501	0.263850	0.255295	0.259067	0.266342	0.266345	0.269714	0.253099	0.266460	0.273416	0.257163	0.261050	0.260524	0.259682	0.255798	0.269714	0.270934	0.259834	0.266621	0.273760	0.256022	0.262020	0.270131	0.256072	0.260498	0.257300	0.254571	0.264138	0.264625	0.255268	0.268410	0.257831	0.262849	0.262375	0.257449	0.248621	0.273041	0.267586	0.258597	0.261140	0.246547	0.260165	0.258442	0.256579	0.278162	0.269364	0.249054	0.255854	0.264807	0.256110	0.246297	0.253191	0.256304	0.261501	0.271694	0.264564	0.276995	0.247754	0.263903	0.261650	0.256738	0.264249	0.251633	0.255429	0.267703	0.274611	0.262448	0.272790	0.257664	0.269178	0.268688	0.247323	0.264534	0.272979	0.265998	0.256401	0.271881	0.259080	0.262940	0.247067	0.268595	0.265285	0.257064	0.265858	0.261929	0.258876	0.269682	0.262143	0.253706	0.254249	0.267929	0.273166	0.269775	0.259669	0.255934	0.278564	0.266252	0.264645	0.260208	0.260780	0.272664	0.263520	0.261395	0.268939	0.268621	0.251818	0.267173	0.256030	0.258087	0.264736	0.262487	0.245269	0.268579	0.264990	0.263865	0.258276	0.261544	0.263430	0.265625	
0.268456	0.277072	0.257143	0.264079	0.269925	0.267616	0.260181	0.265367	0.274758	0.000000	0.270818	0.250000	0.250000	0.260802	0.286900	0.273338	0.277861	0.252246	0.261423	0.276596	0.265672	0.266517	0.266816	0.274376	0.278067	0.271982	0.286034	0.278983	0.287106	0.278983	0.274569	0.256777	0.275526	0.264222	0.278774	0.275913	0.275168	0.275785	0.268489	0.268401	0.258621	0.274665	0.254275	0.259731	0.272795	0.256143	0.265766	0.277612	0.268857	0.266418	0.288390	0.241692	0.271503	0.274157	0.257655	0.262649	0.274085	0.261423	0.272999	0.260448	0.250375	0.249626	0.266317	0.260417	0.255240	0.270290	0.276659	0.259508	0.271780	0.267564	0.261228	0.263040	0.270718	0.256450	0.238951	0.262528	0.260090	0.273952	0.251309	0.268456	0.273269	0.266418	0.274495	0.255797	0.268567	0.260284	0.277778	0.265123	0.251680	0.274554	0.285177	0.277652	0.248126	0.267312	0.259565	0.264222	0.250374	0.278896	0.260315	0.259342	0.257895	0.269546	0.270818	0.270958	0.251675	0.262172	0.273890	0.289185	0.260642	0.256564	0.275243	0.267857	0.257530	0.271364	0.260642	0.253184	0.260479	0.262012	0.260448	0.270694	0.255224	0.258402	0.261295	0.259176	0.258788	0.263040	0.267216	0.270351	0.246753	0.275188	0.259895	0.280924	0.279313	0.281764	0.269747	0.270068	
0.257840	0.263874	0.258325	0.265227	0.270194	0.268463	0.263748	0.246068	0.251916	0.270818	0.000000	0.252713	0.253986	0.263063	0.269318	0.262535	0.270194	0.256724	0.253852	0.261376	0.264850	0.257656	0.267409	0.258828	0.262187	0.271015	0.283275	0.261946	0.276380	0.268506	0.268625	0.266900	0.269231	0.256383	0.266225	0.275706	0.276559	0.256089	0.262184	0.270797	0.255610	0.259204	0.263981	0.267620	0.268761	0.258783	0.268182	0.263231	0.269753	0.262827	0.276164	0.262241	0.261249	0.271044	0.256625	0.261217	0.254717	0.267202	0.263506	0.254267	0.264098	0.264850	0.264685	0.247738	0.267409	0.260355	0.266272	0.259233	0.252878	0.261538	0.265570	0.265342	0.261815	0.261948	0.256724	0.276224	0.272600	0.252621	0.259609	0.263213	0.250174	0.270790	0.262055	0.260839	0.262845	0.271080	0.269231	0.252353	0.270695	0.260612	0.268693	0.264871	0.254984	0.267409	0.273077	0.273108	0.256894	0.268641	0.263544	0.262204	0.259986	0.265717	0.267434	0.270506	0.261930	0.259854	0.250877	0.266372	0.273329	0.272187	0.269553	0.256696	0.262221	0.250350	0.261324	0.261630	0.267178	0.268369	0.256357	0.260126	0.270195	0.256714	0.260336	0.270063	0.260612	0.254349	0.248954	0.276499	0.252772	0.272218	0.272284	0.267247	0.265527	0.264296	0.267341	0.268515	
0.252686	0.261368	0.264020	0.269271	0.254469	0.252610	0.261233	0.249739	0.248961	0.250000	0.252713	0.000000	0.246037	0.261819	0.272032	0.251472	0.264541	0.242971	0.244692	0.261940	0.258244	0.272187	0.272570	0.263675	0.253375	0.250433	0.262210	0.259182	0.258244	0.262227	0.257123	0.255223	0.261220	0.256696	0.256677	0.264380	0.270083	0.260809	0.253653	0.268419	0.263341	0.242526	0.252504	0.258322	0.254249	0.249481	0.256954	0.260734	0.256313	0.259195	0.265043	0.255955	0.267337	0.266065	0.261005	0.261921	0.263542	0.253731	0.256668	0.260659	0.247128	0.259208	0.265299	0.253545	0.268419	0.261773	0.255194	0.251298	0.252774	0.245571	0.269819	0.261789	0.260886	0.269928	0.257381	0.253301	0.265186	0.259889	0.258244	0.260104	0.249567	0.262665	0.259298	0.259993	0.265788	0.249047	0.260945	0.255798	0.258938	0.260464	0.261806	0.256170	0.254432	0.258913	0.260598	0.263614	0.248092	0.246798	0.262939	0.260222	0.259491	0.253108	0.257628	0.263542	0.248355	0.259272	0.249303	0.258785	0.266366	0.256081	0.263194	0.247405	0.258938	0.261051	0.251646	0.250435	0.259452	0.254697	0.270083	0.273611	0.255886	0.256241	0.259053	0.260417	0.251559	0.258824	0.266112	0.256064	0.249905	0.275035	0.263249	0.252770	0.252686	0.267752	0.250779	0.262387	
0.242120	0.240847	0.241901	0.251908	0.256791	0.258273	0.257832	0.253683	0.251253	0.250000	0.253986	0.246037	0.000000	0.249629	0.262379	0.252059	0.264929	0.243001	0.241901	0.251442	0.243447	0.263557	0.259392	0.260160	0.255106	0.261743	0.263158	0.258701	0.260776	0.252601	0.252964	0.254140	0.251180	0.242981	0.251884	0.262970	0.268240	0.253309	0.263300	0.253934	0.246215	0.255385	0.246071	0.254663	0.258065	0.260200	0.246137	0.266094	0.252952	0.261025	0.256835	0.228377	0.258516	0.256640	0.235125	0.261709	0.248385	0.249821	0.252507	0.267646	0.260619	0.245154	0.267697	0.244905	0.256263	0.249016	0.256979	0.261010	0.250986	0.252424	0.268968	0.262272	0.270000	0.269418	0.241379	0.257276	0.263196	0.253233	0.255655	0.254019	0.245972	0.260948	0.255747	0.251618	0.256014	0.252598	0.253683	0.258689	0.251256	0.250983	0.257636	0.260244	0.264293	0.264063	0.257636	0.258065	0.251884	0.261726	0.262478	0.251523	0.245045	0.253838	0.269010	0.257625	0.249194	0.249462	0.241703	0.245269	0.270222	0.246502	0.256548	0.247227	0.266332	0.258273	0.253763	0.261965	0.254572	0.258447	0.253940	0.248744	0.254383	0.252330	0.254323	0.248744	0.252507	0.244548	0.262007	0.255464	0.252256	0.262761	0.254389	0.274713	0.267121	0.260916	0.243553	0.255864	
0.250089	0.250715	0.265423	0.269133	0.270338	0.270871	0.266954	0.264327	0.266049	0.260802	0.263063	0.261819	0.249629	0.000000	0.267035	0.257846	0.266787	0.255989	0.263346	0.269585	0.247139	0.269881	0.264528	0.266088	0.273635	0.273214	0.275419	0.266786	0.274937	0.280457	0.270744	0.269272	0.262455	0.262424	0.256511	0.274349	0.273084	0.251247	0.272340	0.272630	0.253951	0.255393	0.256492	0.264832	0.259907	0.266572	0.266285	0.267736	0.263364	0.258571	0.266213	0.249160	0.264643	0.258941	0.263477	0.269135	0.262500	0.261522	0.268284	0.272468	0.269534	0.262330	0.271654	0.255433	0.257927	0.258019	0.266928	0.261862	0.267143	0.264495	0.262084	0.267404	0.266436	0.261958	0.254832	0.271071	0.279743	0.261445	0.265284	0.277481	0.259629	0.270029	0.270550	0.263516	0.264853	0.272662	0.263874	0.268188	0.262876	0.267355	0.264758	0.258596	0.248836	0.259101	0.273183	0.265000	0.270618	0.272727	0.266810	0.261599	0.262837	0.260313	0.265262	0.260014	0.265787	0.258651	0.273707	0.272659	0.265692	0.250805	0.266786	0.243051	0.254019	0.261819	0.266333	0.267908	0.260450	0.275072	0.271852	0.273605	0.258467	0.254467	0.254930	0.270744	0.258651	0.265146	0.264716	0.265525	0.254304	0.273281	0.280514	0.275776	0.272240	0.265787	0.263026	0.269107	
0.271020	0.273094	0.264930	0.272603	0.274661	0.277553	0.270721	0.271788	0.274396	0.286900	0.269318	0.272032	0.262379	0.267035	0.000000	0.255928	0.278155	0.275258	0.251010	0.273913	0.262875	0.277250	0.284436	0.281179	0.275816	0.267145	0.275045	0.266786	0.290844	0.283669	0.274642	0.269906	0.259058	0.266877	0.252910	0.260072	0.262852	0.259723	0.277266	0.274597	0.274572	0.277724	0.277555	0.263677	0.280269	0.272118	0.261241	0.271467	0.273661	0.274114	0.266067	0.253571	0.275615	0.285778	0.263441	0.278769	0.264455	0.270525	0.265681	0.269799	0.277952	0.267145	0.284050	0.279839	0.271671	0.274922	0.256364	0.266667	0.265206	0.268009	0.289888	0.267234	0.268771	0.270308	0.272686	0.255271	0.272524	0.265141	0.266966	0.282017	0.273053	0.275862	0.271666	0.275382	0.271953	0.270125	0.268315	0.272483	0.275785	0.269643	0.270974	0.267536	0.251799	0.285394	0.272768	0.266338	0.256594	0.281376	0.276109	0.267769	0.270721	0.271957	0.274765	0.271588	0.278051	0.259740	0.280252	0.261364	0.282269	0.260323	0.277081	0.277604	0.280521	0.261104	0.266010	0.270974	0.255376	0.273420	0.265862	0.274966	0.271103	0.278924	0.260987	0.266338	0.270572	0.270861	0.268784	0.255148	0.255894	0.284498	0.276386	0.274799	0.275939	0.277157	0.260305	0.277603	
0.236815	0.258377	0.251213	0.256042	0.261506	0.267220	0.258232	0.249395	0.262143	0.273338	0.262535	0.251472	0.252059	0.257846	0.255928	0.000000	0.256974	0.246892	0.255886	0.256601	0.255959	0.266272	0.266529	0.262570	0.263702	0.270876	0.269125	0.256817	0.264686	0.266229	0.257953	0.254243	0.254101	0.261246	0.253020	0.262578	0.268595	0.248881	0.262785	0.263593	0.243759	0.254275	0.253265	0.260269	0.252501	0.249054	0.252162	0.261798	0.260675	0.253020	0.258913	0.252214	0.258710	0.263994	0.255260	0.255590	0.263994	0.253453	0.259910	0.262069	0.248615	0.266759	0.263923	0.247763	0.259642	0.254220	0.258609	0.254652	0.260780	0.270905	0.266436	0.264483	0.262338	0.259032	0.251729	0.253112	0.266667	0.253195	0.251555	0.262199	0.243364	0.257686	0.260719	0.252075	0.260104	0.265517	0.251296	0.260945	0.257775	0.251204	0.260885	0.256313	0.254413	0.257842	0.256313	0.257419	0.249914	0.253444	0.263212	0.248794	0.258322	0.256956	0.263884	0.254231	0.259476	0.249569	0.262409	0.267662	0.258009	0.252850	0.249655	0.253182	0.262776	0.266182	0.262759	0.248529	0.258454	0.257875	0.262578	0.257597	0.259986	0.250345	0.261954	0.257853	0.249914	0.252668	0.249224	0.266552	0.243570	0.265998	0.261454	0.266805	0.265172	0.255429	0.267149	0.268149	
0.257412	0.263103	0.266924	0.276558	0.268688	0.272855	0.264118	0.270658	0.273519	0.277861	0.270194	0.264541	0.264929	0.266787	0.278155	0.256974	0.000000	0.256025	0.267344	0.260346	0.263029	0.271479	0.282578	0.267819	0.276499	0.269808	0.274660	0.261614	0.282669	0.270535	0.274510	0.267601	0.261392	0.261996	0.264059	0.273710	0.271175	0.265413	0.271526	0.284570	0.249737	0.249343	0.263561	0.275934	0.272346	0.273868	0.261022	0.264808	0.265157	0.261963	0.263748	0.259102	0.258639	0.268881	0.266667	0.260007	0.263544	0.260049	0.263947	0.266923	0.257183	0.279119	0.275621	0.261142	0.272727	0.262369	0.267341	0.264296	0.262221	0.284715	0.275464	0.275994	0.275759	0.271533	0.259531	0.271519	0.261098	0.269930	0.269325	0.271652	0.257153	0.262587	0.259272	0.269863	0.267832	0.283322	0.264778	0.269526	0.273681	0.266017	0.272218	0.272918	0.265499	0.275898	0.270914	0.271648	0.267901	0.273266	0.271838	0.272061	0.283860	0.269030	0.284218	0.265641	0.262552	0.258717	0.273780	0.281607	0.282775	0.264593	0.265991	0.249390	0.270346	0.275560	0.265178	0.266900	0.271648	0.274256	0.272315	0.265991	0.264460	0.260475	0.262881	0.270535	0.263506	0.265669	0.257412	0.267341	0.265314	0.274064	0.281479	0.271015	0.266923	0.294179	0.260112	0.266596	
0.247408	0.251557	0.254514	0.245091	0.258211	0.261533	0.249653	0.246186	0.252501	0.252246	0.256724	0.242971	0.243001	0.255989	0.275258	0.246892	0.256025	0.000000	0.255290	0.256802	0.248355	0.266039	0.262940	0.261980	0.250345	0.258209	0.274517	0.241176	0.266274	0.261847	0.261608	0.251302	0.249650	0.256677	0.259682	0.272884	0.265792	0.244138	0.258414	0.256808	0.245828	0.248137	0.251722	0.257261	0.251383	0.260000	0.249134	0.262250	0.259400	0.266690	0.258154	0.261560	0.259246	0.269044	0.243346	0.254050	0.255886	0.258131	0.251209	0.247583	0.257460	0.260042	0.257796	0.246207	0.256729	0.254401	0.260269	0.246807	0.254062	0.259092	0.260055	0.255701	0.250929	0.265291	0.248269	0.255194	0.256659	0.251039	0.250173	0.256030	0.248791	0.251298	0.252854	0.256410	0.259952	0.254231	0.257103	0.256649	0.257271	0.245172	0.254243	0.260915	0.246362	0.262431	0.249567	0.253458	0.253545	0.256215	0.252858	0.241105	0.265278	0.259897	0.264340	0.270336	0.257251	0.240235	0.269725	0.271001	0.261650	0.246798	0.249135	0.245947	0.252854	0.262301	0.246372	0.260749	0.256570	0.253292	0.265447	0.260118	0.263031	0.238754	0.250520	0.251903	0.245081	0.253448	0.257942	0.253798	0.254077	0.261261	0.266321	0.260269	0.264340	0.271660	0.249827	0.259311	
0.252858	0.247484	0.250348	0.256248	0.261388	0.259130	0.265669	0.249826	0.263850	0.261423	0.253852	0.244692	0.241901	0.263346	0.251010	0.255886	0.267344	0.255290	0.000000	0.259149	0.256686	0.263287	0.270149	0.264118	0.263595	0.265950	0.268352	0.260055	0.258591	0.264144	0.256517	0.255830	0.249035	0.254779	0.252774	0.263850	0.263668	0.253112	0.255901	0.265652	0.248867	0.241121	0.249569	0.261698	0.268377	0.264268	0.268496	0.271972	0.258388	0.247140	0.237483	0.249766	0.261261	0.273516	0.252599	0.263394	0.256677	0.259375	0.258746	0.267498	0.263140	0.261020	0.268937	0.246457	0.266782	0.266182	0.265144	0.259259	0.265511	0.268310	0.265647	0.254243	0.265474	0.273420	0.242793	0.257470	0.257549	0.257897	0.259889	0.266413	0.247401	0.257986	0.253908	0.264675	0.250347	0.257450	0.264072	0.259092	0.251214	0.258990	0.258681	0.265115	0.252434	0.267659	0.262591	0.261789	0.262921	0.268259	0.262847	0.259349	0.263928	0.256384	0.255201	0.263176	0.253721	0.260568	0.264644	0.263350	0.263158	0.254078	0.254684	0.255967	0.261096	0.254697	0.247576	0.254084	0.251993	0.260431	0.273451	0.263797	0.264798	0.256677	0.254261	0.255031	0.253463	0.242823	0.255975	0.259182	0.254089	0.263561	0.262556	0.248269	0.249913	0.265674	0.254936	0.258897	
0.256039	0.277095	0.256075	0.260656	0.263059	0.266990	0.264948	0.253080	0.255295	0.276596	0.261376	0.261940	0.251442	0.269585	0.273913	0.256601	0.260346	0.256802	0.259149	0.000000	0.249534	0.260284	0.266444	0.259134	0.272592	0.263021	0.268030	0.252608	0.279702	0.260417	0.262118	0.255979	0.261017	0.253820	0.251863	0.267559	0.268673	0.259190	0.260852	0.264018	0.249813	0.256972	0.250927	0.244138	0.264235	0.253343	0.262100	0.267632	0.264214	0.250000	0.264552	0.258664	0.258557	0.263687	0.253909	0.258256	0.252792	0.253820	0.253532	0.272119	0.260935	0.259978	0.253631	0.247495	0.252135	0.254086	0.264957	0.253343	0.273641	0.255771	0.272591	0.253348	0.260016	0.253406	0.257740	0.259314	0.271982	0.262766	0.257548	0.250093	0.262082	0.256706	0.251772	0.255129	0.270149	0.263941	0.270119	0.262630	0.270694	0.249814	0.260529	0.251960	0.257655	0.255019	0.261567	0.266195	0.261355	0.253437	0.258859	0.258185	0.257944	0.256762	0.269646	0.253726	0.253998	0.241533	0.264871	0.265306	0.270632	0.251118	0.264531	0.252506	0.263138	0.256439	0.258185	0.256257	0.251675	0.265969	0.260223	0.260529	0.268773	0.259397	0.259716	0.272931	0.246005	0.261887	0.254464	0.260320	0.254862	0.272591	0.273978	0.272119	0.266195	0.260595	0.249071	0.259425	
0.244813	0.255629	0.248350	0.252195	0.262679	0.262153	0.264859	0.247659	0.259067	0.265672	0.264850	0.258244	0.243447	0.247139	0.262875	0.255959	0.263029	0.248355	0.256686	0.249534	0.000000	0.260293	0.261395	0.254724	0.260975	0.268326	0.273826	0.249221	0.275814	0.258131	0.258925	0.251302	0.262513	0.262153	0.243860	0.271157	0.270625	0.257853	0.252336	0.263721	0.259040	0.257644	0.255341	0.249913	0.253633	0.257508	0.255201	0.269682	0.260704	0.246106	0.264563	0.256422	0.262102	0.254067	0.249396	0.267931	0.259785	0.251126	0.252592	0.257518	0.264583	0.262647	0.259709	0.245947	0.246807	0.260524	0.260449	0.242916	0.257518	0.262210	0.258065	0.252766	0.271678	0.277536	0.252080	0.252427	0.270177	0.250173	0.251818	0.251637	0.252072	0.260734	0.249220	0.260402	0.250520	0.263303	0.253814	0.259938	0.251039	0.254658	0.258657	0.247745	0.258154	0.259502	0.260749	0.263231	0.251298	0.263122	0.254678	0.257261	0.255216	0.254909	0.251816	0.257964	0.251555	0.249308	0.260264	0.269006	0.265031	0.252945	0.260734	0.254056	0.264451	0.250607	0.248617	0.250434	0.255363	0.269604	0.264340	0.266366	0.263376	0.246367	0.256508	0.240914	0.251209	0.258543	0.259246	0.264869	0.255779	0.269071	0.267542	0.260539	0.265398	0.268487	0.255099	0.254438	
0.261142	0.263415	0.260763	0.262898	0.271479	0.276826	0.267670	0.253231	0.266342	0.266517	0.257656	0.272187	0.263557	0.269881	0.277250	0.266272	0.271479	0.266039	0.263287	0.260284	0.260293	0.000000	0.123701	0.129779	0.270957	0.273772	0.281489	0.263415	0.271872	0.263341	0.259259	0.256294	0.268567	0.272061	0.270478	0.280543	0.286261	0.263816	0.273926	0.272506	0.262088	0.252343	0.251908	0.264532	0.265064	0.276078	0.267620	0.276677	0.273106	0.265505	0.266434	0.270028	0.274121	0.274503	0.262187	0.275790	0.269847	0.277991	0.261490	0.258008	0.267389	0.255497	0.264737	0.254343	0.257043	0.276426	0.263561	0.262700	0.270637	0.268506	0.274886	0.271588	0.276946	0.276441	0.260035	0.265157	0.269941	0.262038	0.268318	0.272569	0.260446	0.259595	0.257153	0.270440	0.261764	0.265739	0.264131	0.265739	0.262295	0.267199	0.261597	0.273585	0.261006	0.265228	0.257422	0.265505	0.259324	0.266087	0.273552	0.264788	0.261463	0.263614	0.262278	0.272410	0.257391	0.264184	0.272950	0.279352	0.279304	0.274599	0.269526	0.254343	0.261506	0.262312	0.262535	0.263894	0.266806	0.272282	0.274435	0.275201	0.267130	0.260112	0.262329	0.268922	0.255741	0.268335	0.266017	0.261822	0.256018	0.275393	0.274025	0.267571	0.262626	0.272632	0.260870	0.269675	
0.261798	0.269748	0.265928	0.264171	0.266899	0.273608	0.268951	0.254665	0.266345	0.266816	0.267409	0.272570	0.259392	0.264528	0.284436	0.266529	0.282578	0.262940	0.270149	0.266444	0.261395	0.123701	0.000000	0.129649	0.271256	0.272320	0.283305	0.261634	0.286059	0.267771	0.255444	0.264014	0.268386	0.266598	0.274138	0.280303	0.289745	0.264099	0.271913	0.266506	0.263432	0.262356	0.264332	0.266023	0.270596	0.275198	0.267358	0.274604	0.263664	0.261724	0.262193	0.261860	0.267746	0.273386	0.251808	0.274227	0.271567	0.276838	0.267654	0.255598	0.275779	0.265539	0.268646	0.250945	0.271507	0.271758	0.264281	0.270224	0.266023	0.274611	0.268487	0.272477	0.275722	0.276596	0.264594	0.274862	0.268621	0.262776	0.267956	0.266919	0.268688	0.270280	0.264848	0.269523	0.262504	0.262306	0.262176	0.272727	0.267863	0.276384	0.269589	0.270999	0.257261	0.268251	0.257864	0.261379	0.254138	0.265404	0.270970	0.262995	0.263850	0.276939	0.264047	0.280883	0.257143	0.257576	0.273137	0.278486	0.277701	0.271064	0.273888	0.267102	0.270093	0.269178	0.263520	0.262794	0.270848	0.279391	0.270131	0.279158	0.273916	0.260179	0.265490	0.270876	0.263774	0.266162	0.263176	0.263339	0.265306	0.281023	0.275482	0.271256	0.267746	0.272477	0.276860	0.272380	
0.257422	0.268625	0.260091	0.261255	0.273755	0.276745	0.261495	0.250526	0.269714	0.274376	0.258828	0.263675	0.260160	0.266088	0.281179	0.262570	0.267819	0.261980	0.264118	0.259134	0.254724	0.129779	0.129649	0.000000	0.272600	0.273331	0.293194	0.260049	0.274064	0.259272	0.255871	0.253684	0.261392	0.260077	0.261538	0.282472	0.286113	0.255927	0.268781	0.274756	0.258869	0.256314	0.256874	0.263452	0.264243	0.270317	0.259804	0.258458	0.267689	0.255594	0.267976	0.260132	0.273839	0.267413	0.263452	0.262278	0.271169	0.269863	0.262312	0.246944	0.258935	0.264706	0.271964	0.243639	0.260202	0.270317	0.254361	0.256545	0.267039	0.260504	0.262439	0.269392	0.273581	0.269203	0.251489	0.267157	0.266690	0.261905	0.267857	0.271682	0.259867	0.264171	0.258313	0.256132	0.257343	0.254361	0.262789	0.267807	0.266713	0.271175	0.263121	0.270592	0.256572	0.268156	0.258584	0.261447	0.254895	0.262827	0.268113	0.258729	0.255618	0.264788	0.271234	0.276417	0.267365	0.263966	0.268893	0.272493	0.274695	0.268813	0.264871	0.255838	0.256993	0.264541	0.264059	0.258675	0.265991	0.276297	0.263525	0.272218	0.257761	0.257873	0.251228	0.262679	0.250523	0.263947	0.260126	0.261431	0.266080	0.281764	0.270346	0.263268	0.261447	0.272092	0.272600	0.277172	
0.257241	0.273135	0.257964	0.271804	0.264993	0.271122	0.270963	0.246367	0.253099	0.278067	0.262187	0.253375	0.255106	0.273635	0.275816	0.263702	0.276499	0.250345	0.263595	0.272592	0.260975	0.270957	0.271256	0.272600	0.000000	0.264574	0.273260	0.265884	0.271942	0.264757	0.264523	0.270083	0.264131	0.264360	0.266828	0.286453	0.274199	0.275637	0.269030	0.270131	0.259285	0.268401	0.250515	0.259144	0.263630	0.272039	0.269710	0.267218	0.271350	0.272853	0.255540	0.260242	0.273448	0.284185	0.268023	0.262814	0.268487	0.250777	0.270000	0.256375	0.259092	0.265377	0.273954	0.267378	0.269377	0.259986	0.265840	0.265679	0.273292	0.270999	0.262976	0.274733	0.270200	0.275875	0.257607	0.268579	0.262867	0.265722	0.266160	0.264787	0.264483	0.262867	0.272130	0.261938	0.266851	0.264736	0.271532	0.261544	0.249050	0.263593	0.276971	0.269204	0.258478	0.264807	0.277163	0.276148	0.259144	0.264645	0.256738	0.254050	0.262136	0.272415	0.276207	0.272790	0.260076	0.268368	0.268217	0.269778	0.272915	0.267542	0.266667	0.258176	0.268301	0.260644	0.270345	0.267474	0.252243	0.268512	0.269469	0.266391	0.262487	0.269403	0.258400	0.262522	0.267494	0.264969	0.264392	0.266115	0.243468	0.280969	0.268873	0.268183	0.261905	0.272759	0.263267	0.271181	
0.248447	0.261921	0.268217	0.274194	0.288059	0.280069	0.259889	0.261080	0.266460	0.271982	0.271015	0.250433	0.261743	0.273214	0.267145	0.270876	0.269808	0.258209	0.265950	0.263021	0.268326	0.273772	0.272320	0.273331	0.264574	0.000000	0.272414	0.259592	0.273324	0.278507	0.265836	0.256935	0.269204	0.261698	0.254231	0.268368	0.269655	0.251206	0.274188	0.267310	0.267199	0.262100	0.269694	0.258031	0.256906	0.267839	0.267820	0.263956	0.262922	0.273481	0.272444	0.263624	0.273826	0.289765	0.264848	0.262397	0.250086	0.256916	0.258799	0.263975	0.263085	0.257093	0.277008	0.260420	0.264047	0.256119	0.275672	0.256552	0.267610	0.265144	0.267913	0.269589	0.268474	0.264185	0.265744	0.262375	0.266851	0.266851	0.274015	0.260585	0.260614	0.272224	0.269297	0.266182	0.270055	0.268806	0.258221	0.262323	0.263140	0.268343	0.269803	0.261427	0.260644	0.277778	0.267406	0.265031	0.264249	0.263793	0.269803	0.264066	0.266574	0.261004	0.273135	0.266598	0.254571	0.262686	0.265115	0.272993	0.273543	0.261246	0.272130	0.266713	0.262012	0.268284	0.261995	0.266020	0.271157	0.272349	0.274138	0.262958	0.266897	0.268487	0.267430	0.272822	0.264229	0.276017	0.276838	0.252501	0.266086	0.277104	0.269058	0.272759	0.275898	0.276207	0.258966	0.260945	
0.266368	0.277183	0.268191	0.277467	0.278591	0.283489	0.270869	0.263231	0.273416	0.286034	0.283275	0.262210	0.263158	0.275419	0.275045	0.269125	0.274660	0.274517	0.268352	0.268030	0.273826	0.281489	0.283305	0.293194	0.273260	0.272414	0.000000	0.270625	0.275648	0.284185	0.287790	0.276817	0.270666	0.264014	0.276743	0.129165	0.142563	0.266001	0.284701	0.279766	0.257371	0.265776	0.256613	0.267771	0.282166	0.280207	0.255790	0.286747	0.281583	0.279848	0.277951	0.256625	0.281972	0.285665	0.273103	0.275791	0.274266	0.271157	0.278525	0.278525	0.286011	0.273324	0.281466	0.265222	0.275826	0.264118	0.271694	0.263865	0.271473	0.273419	0.277163	0.280690	0.263451	0.283857	0.277567	0.277912	0.269682	0.273324	0.270214	0.281787	0.271286	0.273135	0.268579	0.273262	0.275457	0.274544	0.274456	0.274294	0.273921	0.270038	0.264777	0.279834	0.262630	0.274983	0.268419	0.272602	0.273637	0.277988	0.279447	0.280593	0.276950	0.274382	0.290245	0.274422	0.268503	0.270690	0.285913	0.286079	0.272132	0.262612	0.272163	0.267378	0.278219	0.266874	0.287142	0.263322	0.262159	0.285270	0.284533	0.286948	0.271694	0.265355	0.274333	0.268992	0.276017	0.266001	0.265426	0.278429	0.274309	0.286060	0.287832	0.282908	0.280097	0.277395	0.269125	0.279167	
0.250086	0.264960	0.247222	0.261404	0.261356	0.271845	0.256250	0.240818	0.257163	0.278983	0.261946	0.259182	0.258701	0.266786	0.266786	0.256817	0.261614	0.241176	0.260055	0.252608	0.249221	0.263415	0.261634	0.260049	0.265884	0.259592	0.270625	0.000000	0.273797	0.267128	0.269671	0.250173	0.259259	0.256064	0.258645	0.263467	0.267081	0.254483	0.266642	0.257931	0.251824	0.238823	0.267126	0.260283	0.262794	0.259655	0.262210	0.260780	0.249224	0.262448	0.258758	0.246850	0.262958	0.263067	0.253628	0.269125	0.252854	0.256401	0.255525	0.266828	0.251474	0.265235	0.258746	0.257409	0.259310	0.266644	0.249482	0.248188	0.249568	0.265327	0.256241	0.273921	0.259851	0.253980	0.247837	0.256925	0.265998	0.254067	0.260042	0.253099	0.246547	0.261336	0.249481	0.253897	0.254149	0.263884	0.246884	0.259579	0.258478	0.259221	0.259349	0.259875	0.241248	0.271409	0.244545	0.247494	0.253112	0.260524	0.259426	0.248359	0.258076	0.255334	0.260194	0.256401	0.258543	0.252504	0.260779	0.273723	0.266137	0.254155	0.255275	0.257842	0.265214	0.257718	0.257340	0.256064	0.257429	0.262483	0.267679	0.267289	0.256985	0.256313	0.251302	0.256135	0.251811	0.257842	0.250000	0.254231	0.250851	0.267244	0.270373	0.262340	0.263303	0.266321	0.260014	0.258783	
0.251036	0.281315	0.276832	0.271323	0.277525	0.278279	0.266505	0.256846	0.261050	0.287106	0.276380	0.258244	0.260776	0.274937	0.290844	0.264686	0.282669	0.266274	0.258591	0.279702	0.275814	0.271872	0.286059	0.274064	0.271942	0.273324	0.275648	0.273797	0.000000	0.273546	0.268123	0.263706	0.267994	0.261020	0.266436	0.284727	0.282113	0.263884	0.272557	0.279158	0.260522	0.270965	0.270317	0.279585	0.263322	0.277874	0.266205	0.263031	0.281326	0.276971	0.263706	0.269411	0.263740	0.284378	0.269869	0.272414	0.271562	0.263942	0.271345	0.264431	0.273516	0.280568	0.283189	0.266897	0.270970	0.274862	0.260014	0.271409	0.264177	0.268098	0.268470	0.276184	0.282156	0.282404	0.266713	0.270364	0.275277	0.277104	0.279875	0.281972	0.261666	0.273640	0.271310	0.268284	0.279432	0.264086	0.262994	0.272099	0.266274	0.275267	0.265511	0.281304	0.269417	0.284727	0.267777	0.271626	0.272224	0.276838	0.274775	0.270560	0.268242	0.273228	0.272570	0.271374	0.278756	0.267197	0.270167	0.280759	0.275207	0.262812	0.277067	0.264665	0.275182	0.273673	0.267012	0.267870	0.267635	0.261533	0.285468	0.281412	0.275552	0.266620	0.263359	0.275623	0.256649	0.268806	0.285171	0.267450	0.268033	0.275061	0.269178	0.273921	0.272822	0.276434	0.272287	0.274087	
0.256649	0.262885	0.257202	0.265707	0.260398	0.268910	0.259375	0.262301	0.260524	0.278983	0.268506	0.262227	0.252601	0.280457	0.283669	0.266229	0.270535	0.261847	0.264144	0.260417	0.258131	0.263341	0.267771	0.259272	0.264757	0.278507	0.284185	0.267128	0.273546	0.000000	0.128099	0.269351	0.274222	0.269257	0.258042	0.287392	0.285123	0.268713	0.268411	0.266299	0.257739	0.264158	0.261019	0.255275	0.261757	0.282759	0.273389	0.270625	0.267426	0.270149	0.279223	0.250350	0.263903	0.279432	0.276339	0.263176	0.266274	0.249567	0.254834	0.257942	0.280458	0.269990	0.280763	0.251034	0.260960	0.269244	0.272006	0.251381	0.264177	0.260042	0.268977	0.269682	0.272693	0.280029	0.257707	0.265073	0.271280	0.268352	0.264798	0.265679	0.256304	0.260554	0.263687	0.266805	0.267220	0.267358	0.274177	0.277279	0.259080	0.264483	0.259605	0.272538	0.274020	0.280829	0.269924	0.270653	0.265652	0.266046	0.277355	0.262086	0.272222	0.272978	0.272539	0.273608	0.259924	0.267542	0.269191	0.279401	0.276934	0.260644	0.273105	0.260090	0.264268	0.261533	0.280235	0.257024	0.262794	0.265257	0.268992	0.267567	0.279945	0.267795	0.253819	0.272664	0.256649	0.264574	0.259157	0.275052	0.261282	0.270270	0.268301	0.277970	0.274110	0.270028	0.250000	0.272885	
0.255709	0.259965	0.259645	0.266784	0.256123	0.264675	0.262261	0.257460	0.259682	0.274569	0.268625	0.257123	0.252964	0.270744	0.274642	0.257953	0.274510	0.261608	0.256517	0.262118	0.258925	0.259259	0.255444	0.255871	0.264523	0.265836	0.287790	0.269671	0.268123	0.128099	0.000000	0.260779	0.264191	0.259645	0.274584	0.282007	0.285270	0.256393	0.262645	0.263903	0.258098	0.265672	0.263194	0.257103	0.269138	0.275993	0.270139	0.269364	0.257864	0.268884	0.276581	0.268350	0.276125	0.279223	0.266782	0.267081	0.261442	0.256153	0.263577	0.263668	0.269378	0.269417	0.272569	0.249396	0.264686	0.263831	0.262794	0.250432	0.262812	0.260930	0.264839	0.262885	0.270593	0.264589	0.246789	0.260236	0.266644	0.263267	0.263267	0.257163	0.256055	0.258489	0.262756	0.262756	0.266898	0.262028	0.269004	0.278796	0.259182	0.258031	0.262483	0.263286	0.277971	0.267820	0.266574	0.266620	0.259875	0.260283	0.264655	0.255878	0.264000	0.265517	0.268512	0.278586	0.258555	0.258310	0.266968	0.276720	0.273513	0.258232	0.266644	0.259848	0.258836	0.263030	0.277605	0.249826	0.258746	0.263286	0.268672	0.272003	0.268672	0.266620	0.250783	0.270617	0.250519	0.260194	0.260990	0.255798	0.255699	0.268750	0.270401	0.265398	0.268698	0.267289	0.249481	0.268480	
0.246969	0.268310	0.253482	0.259416	0.271198	0.269913	0.264276	0.247218	0.255798	0.256777	0.266900	0.255223	0.254140	0.269272	0.269906	0.254243	0.267601	0.251302	0.255830	0.255979	0.251302	0.256294	0.264014	0.253684	0.270083	0.256935	0.276817	0.250173	0.263706	0.269351	0.260779	0.000000	0.258857	0.257043	0.250087	0.274238	0.271972	0.255967	0.268091	0.267036	0.264552	0.252242	0.255525	0.259799	0.270205	0.261938	0.264164	0.262028	0.265744	0.257975	0.261656	0.257929	0.261954	0.254773	0.255717	0.258555	0.253731	0.251302	0.258746	0.266805	0.260612	0.267615	0.269725	0.245420	0.262375	0.253721	0.263413	0.255106	0.255895	0.267547	0.248696	0.257539	0.254836	0.258333	0.257818	0.254514	0.254249	0.254854	0.263176	0.256995	0.258489	0.250347	0.259465	0.253041	0.258770	0.262994	0.255127	0.262721	0.246181	0.253804	0.246352	0.270421	0.250000	0.264635	0.260507	0.260915	0.248699	0.267659	0.260854	0.246362	0.255223	0.266391	0.262136	0.258848	0.254501	0.240901	0.263598	0.275092	0.269044	0.258154	0.254337	0.259426	0.260734	0.268963	0.253897	0.252870	0.255548	0.257212	0.253463	0.251302	0.259259	0.250520	0.256874	0.264144	0.243159	0.260975	0.250173	0.264726	0.244005	0.263286	0.274082	0.261080	0.258925	0.261261	0.274238	0.251658	
